SZ 35  (3329,1840)  (3273,1838)  (3303,1636)  (3268,1574)  (3238,1505)  (3393,1793)  (3389,1856)
SZ 34  (3042,1511)  (3097,1511)  (2987,1507)  (3152,1511)  (2927,1508)  (3043,1453)  (3098,1454)  (2988,1452)  (2931,1451)  (3040,1571)  (2983,1568)  (3095,1566)  (2923,1571)  (3150,1567)
SZ 33  (2747,1505)  (2802,1504)  (2693,1505)  (2857,1504)  (2658,1561)  (2718,1560)  (2773,1559)  (2659,1709)  (2652,1616)  (2656,1450)  (2711,1450)  (2764,1450)  (2823,1449)  (2831,1560)
SZ 32  (2470,1541)  (2525,1540)  (2580,1539)  (2414,1541)  (2356,1528)  (2354,1583)  (2417,1484)  (2472,1486)  (2527,1484)  (2583,1481)  (2513,1595)  (2570,1597)
SZ 39  (3074,2212)  (3129,2212)  (3017,2210)  (3075,2156)  (3131,2158)  (3019,2155)  (2960,2209)  (2934,2153)  (3095,2268)  (3152,2268)  (3105,2321)  (3160,2323)  (3158,2377)
SZ 38  (3020,2020)  (3074,2021)  (2962,2020)  (3023,2077)  (2965,2077)  (2990,1964)  (2934,1964)  (2924,1909)  (3079,2080)
SZ 37  (2707,2101)  (2763,2101)  (2650,2102)  (2819,2102)  (2595,2101)  (2711,2040)  (2652,2042)  (2595,2041)  (2539,2062)  (2664,2156)  (2725,2156)  (2780,2156)  (2838,2156)
SZ 36  (2732,1859)  (2787,1859)  (2674,1859)  (2617,1859)  (2707,1915)  (2650,1915)  (2682,1800)  (2624,1799)  (2737,1801)  (2613,1967)  (2842,1883)
Banasa  (363,2219)  (417,2219)  (306,2218)  (472,2218)  (248,2216)  (308,2274)  (452,2272)  (381,2310)  (435,2325)  (327,2327)  (270,2329)  (245,2273)  (363,2163)  (417,2162)  (307,2162)  (472,2161)  (525,2148)  (525,2206)  (507,2273)  (492,2328)  (266,2383)  (323,2383)  (380,2382)  (434,2381)
SZ 31  (2138,1493)  (2193,1494)  (2081,1492)  (2027,1492)  (2247,1494)  (2135,1550)  (2192,1549)  (2079,1552)  (2021,1552)  (2251,1548)  (2196,1436)  (2136,1436)  (2081,1436)  (2023,1434)  (2023,1614)  (2079,1609)  (2134,1605)  (2187,1604)  (2245,1604)
Valentia  (1111,1307)  (1056,1307)  (1165,1306)  (1002,1307)  (1218,1306)  (1088,1393)  (1143,1393)  (1196,1361)  (1034,1364)  (978,1362)  (1130,1251)  (1073,1251)  (1017,1251)  (1092,1195)  (1113,1446)  (1162,1507)  (1171,1447)
SZ 30  (1839,1534)  (1893,1535)  (1783,1533)  (1950,1535)  (1841,1479)  (1896,1479)  (1783,1478)  (1952,1478)  (1840,1589)  (1895,1590)  (1784,1590)  (1952,1591)  (1769,1640)  (1836,1640)  (1890,1639)  (1950,1642)
Salapia  (3049,1002)  (2995,971)  (3131,1093)  (3186,1091)  (3188,1144)  (3104,999)  (3049,944)  (2994,915)  (2936,955)  (3242,1137)  (3298,1127)
Rhodos  (4603,1692)  (4496,1631)  (4619,1781)
Nicopolis  (4169,731)  (4224,732)  (4113,731)  (4103,785)  (4255,786)  (4199,831)  (4142,843)  (4084,848)  (4047,748)  (3995,684)  (4055,687)  (4279,721)  (4312,790)
Syracuse  (3092,1825)  (3037,1825)  (3148,1825)  (3204,1843)  (3169,1901)  (3113,1922)  (3054,1914)  (2998,1883)  (2981,1824)  (3226,1904)
SZ 29  (1562,1524)  (1615,1525)  (1504,1524)  (1670,1528)  (1445,1524)  (1555,1466)  (1499,1467)  (1613,1467)  (1669,1459)  (1443,1446)  (1449,1583)  (1505,1581)  (1562,1581)  (1618,1582)  (1677,1583)  (1448,1640)  (1503,1639)  (1557,1637)  (1611,1637)  (1672,1639)
Alesia  (1793,105)  (1848,105)  (1738,120)  (1681,112)  (1733,62)  (1678,58)  (1623,103)  (1626,44)  (1732,5)  (1791,16)  (1856,49)  (1907,9)  (1962,6)  (1916,68)  (1971,66)
Paraetonium  (4252,2534)  (4308,2535)  (4197,2535)  (4139,2534)  (4158,2589)  (4347,2590)  (4284,2623)  (4225,2623)  (4362,2533)  (4256,2476)  (4311,2476)  (4199,2475)  (4366,2460)  (4310,2420)  (4255,2420)  (4198,2420)  (4165,2647)  (4342,2648)  (4226,2681)  (4282,2680)  (4198,2736)  (4255,2736)  (4311,2734)  (4248,2358)  (4366,2704)
Sarmizegetusa  (4370,252)  (4315,251)  (4427,251)  (4258,265)  (4484,280)  (4377,342)  (4320,341)  (4257,320)  (4214,381)  (4269,380)  (4306,194)  (4362,194)  (4419,193)  (4333,394)  (4385,394)  (4442,348)
SZ 24  (2508,1107)  (2563,1107)  (2453,1107)  (2492,1052)  (2547,1052)  (2468,1163)  (2522,1163)  (2576,1162)
SZ 23  (2155,1228)  (2211,1228)  (2099,1226)  (2193,1170)  (2137,1170)  (2156,1284)  (2214,1283)  (2098,1283)  (2155,1113)  (2211,1113)  (2267,1111)  (2101,1111)  (2100,1343)  (2157,1344)  (2212,1344)
SZ 22  (1945,1203)  (1999,1203)  (1889,1202)  (1942,1147)  (1999,1148)  (1887,1146)  (1944,1257)  (2001,1259)  (1887,1259)  (1942,1089)  (2000,1089)  (1884,1089)  (1942,1313)  (1888,1312)  (1996,1312)  (1890,1366)  (1946,1365)  (2000,1363)
SZ 21  (2460,786)  (2514,788)  (2404,774)  (2350,799)  (2447,719)  (2501,731)  (2477,842)  (2532,849)  (2509,907)
SZ 28  (2997,1309)  (3052,1325)  (2994,1362)  (2940,1309)  (2927,1363)  (2921,1248)  (2978,1253)  (3106,1356)
SZ 27  (2751,1305)  (2806,1305)  (2695,1304)  (2859,1305)  (2748,1248)  (2802,1249)  (2690,1247)  (2856,1248)  (2659,1360)  (2714,1362)  (2770,1363)  (2827,1362)
SZ 26  (2524,1338)  (2579,1337)  (2523,1279)  (2578,1277)  (2469,1284)  (2491,1396)  (2548,1395)
SZ 25  (2692,1082)  (2658,1138)  (2714,1136)  (2658,1020)  (2605,948)  (2606,891)  (2767,1159)  (2821,1165)
Lauriacum  (3167,129)  (3110,129)  (3223,131)  (3053,132)  (3050,73)  (3226,71)  (3104,40)  (3163,40)  (3072,189)  (3130,189)  (3278,98)  (3301,38)  (3243,15)  (3048,14)  (2993,73)  (2989,17)  (2930,37)  (3191,186)
SZ 20  (2139,935)  (2195,936)  (2083,935)  (2250,937)  (2026,935)  (2221,880)  (2029,991)  (2086,991)  (2140,989)  (2196,993)  (2253,993)
Heraclea Pontica  (5084,886)  (5030,886)  (5139,887)  (4970,885)  (5146,941)  (5087,966)  (5028,965)  (4974,965)  (4992,828)  (5049,827)  (5107,827)  (5087,771)  (4917,927)  (5023,1022)
Massilia  (2134,681)  (2188,680)  (2080,681)  (2243,680)  (2055,735)  (2205,734)  (2259,733)  (2133,768)  (2078,789)  (1999,736)  (2022,790)  (2076,842)  (2135,823)  (2188,789)  (2193,624)  (2135,626)  (2080,627)  (2244,788)
Acci  (745,1581)  (691,1581)  (637,1580)  (582,1580)  (643,1526)  (697,1527)  (705,1634)  (650,1635)  (595,1634)  (758,1671)  (817,1605)  (818,1661)  (872,1605)  (872,1660)  (926,1642)
SZ 19  (1870,911)  (1924,911)  (1814,911)  (1869,856)  (1923,856)  (1833,967)  (1778,967)  (1889,968)  (1946,968)
Pella  (3925,941)  (3979,941)  (3867,940)  (3995,1004)  (3941,1026)  (3914,1081)  (3971,1081)  (3928,1136)  (3981,882)  (3922,884)  (3867,883)  (3812,854)  (4025,1064)
Halicarnassus  (4886,1469)  (4942,1456)  (4771,1515)  (4826,1561)  (4881,1559)  (5001,1438)  (4845,1617)  (4770,1583)  (4707,1587)  (4707,1527)  (4967,1513)
SZ 18  (1739,1244)  (1794,1243)  (1741,1299)  (1701,1356)  (1770,1185)  (1728,1124)  (1784,1128)  (1672,1124)  (1731,1067)  (1786,1070)  (1794,1299)  (1687,1266)  (1763,1357)
SZ 57  (4776,2240)  (4832,2241)  (4720,2240)  (4776,2185)  (4831,2185)  (4720,2181)  (4774,2296)  (4717,2296)  (4774,2125)  (4833,2127)  (4719,2127)  (4678,2354)  (4836,2306)
SZ 56  (4507,2227)  (4562,2226)  (4450,2226)  (4506,2171)  (4564,2169)  (4451,2168)  (4507,2283)  (4565,2284)  (4447,2283)  (4509,2112)  (4566,2108)  (4452,2110)  (4437,2340)  (4495,2338)  (4551,2340)  (4608,2340)
Burdigala  (1459,285)  (1512,285)  (1404,287)  (1344,287)  (1567,286)  (1527,342)  (1469,377)  (1414,377)  (1358,343)  (1483,228)  (1538,227)  (1595,183)  (1622,238)  (1300,361)  (1357,402)  (1410,430)  (1465,431)  (1525,423)
SZ 55  (4293,2209)  (4350,2208)  (4237,2210)  (4291,2152)  (4349,2151)  (4236,2153)  (4177,2147)  (4294,2263)  (4353,2264)  (4238,2264)  (4238,2096)  (4181,2086)  (4303,2323)  (4359,2323)
SZ 54  (4052,2192)  (4106,2192)  (3997,2192)  (4051,2137)  (4104,2137)  (3995,2136)  (4052,2080)  (4105,2081)  (3999,2078)  (4053,2247)  (4109,2247)  (3998,2246)  (4163,2217)  (4166,2272)  (4167,2326)
SZ 59  (5271,2150)  (5326,2150)  (5214,2151)  (5271,2094)  (5326,2093)  (5215,2095)  (5197,2207)  (5254,2207)  (5196,2262)  (5249,2261)  (5204,2316)
Namnetes  (1424,120)  (1365,119)  (1306,121)  (1478,120)  (1479,64)  (1421,28)  (1364,28)  (1308,62)  (1251,85)  (1250,26)  (1305,7)  (1476,6)  (1534,10)  (1535,67)  (1312,176)  (1367,176)  (1424,174)  (1533,122)
SZ 58  (5075,2295)  (5019,2295)  (4963,2294)  (5128,2295)  (5075,2240)  (5019,2240)  (4962,2237)  (5129,2239)  (5022,2181)  (5077,2182)  (4963,2181)  (5131,2182)  (4959,2349)  (5017,2351)  (5070,2348)  (5122,2355)
Palmyra  (6040,2024)  (5981,2023)  (5923,2023)  (6095,2025)  (6076,2080)  (5938,2079)  (6013,2113)  (5959,2134)  (5882,2079)  (5900,2134)  (5984,1966)  (6040,1967)  (6097,1965)  (6015,2174)  (5961,2190)  (5903,2191)  (5845,2133)  (5845,2188)  (5865,2246)  (5923,2247)  (6008,1909)  (6063,1908)  (6119,1908)  (6181,1910)  (6152,1967)  (6106,1852)  (5824,2072)  (6151,2031)
Barcino  (1555,941)  (1498,940)  (1611,939)  (1441,941)  (1559,1026)  (1504,1026)  (1617,995)  (1450,1001)  (1453,885)  (1509,883)  (1568,886)  (1475,1072)  (1540,1080)  (1614,1051)  (1676,995)
SZ 53  (4037,1915)  (4093,1916)  (3982,1914)  (4008,1857)  (3952,1857)  (3946,1801)  (3935,1969)  (3991,1971)  (4048,1973)  (4112,1976)
SZ 52  (3822,2108)  (3879,2108)  (3764,2107)  (3707,2107)  (3820,2162)  (3875,2163)  (3932,2131)  (3932,2070)  (3762,2162)  (3707,2160)  (3928,2190)
SZ 51  (3794,1873)  (3849,1872)  (3737,1872)  (3793,1928)  (3850,1928)  (3737,1927)  (3682,1907)  (3679,1963)  (3737,1987)  (3794,1987)  (3792,1816)  (3848,1814)  (3737,1815)  (3852,1985)
SZ 50  (3814,1677)  (3869,1676)  (3760,1677)  (3703,1677)  (3792,1621)  (3737,1621)  (3687,1596)  (3793,1732)  (3739,1731)  (3686,1729)  (3848,1733)  (3918,1623)  (3910,1732)
Tarsus  (5564,1218)  (5508,1219)  (5620,1217)  (5452,1234)  (5472,1290)  (5527,1309)  (5585,1309)  (5637,1273)  (5470,1346)  (5415,1293)  (5412,1350)  (5473,1162)  (5529,1162)  (5586,1159)  (5478,1406)  (5694,1302)
Cestra Regina  (2602,93)  (2656,92)  (2547,94)  (2709,56)  (2491,61)  (2764,56)  (2436,62)  (2382,61)  (2329,60)  (2389,4)  (2445,5)  (2500,6)  (2558,5)  (2617,5)  (2677,4)  (2737,3)  (2798,4)  (2823,58)
Sarai  (6652,165)  (6596,165)  (6672,110)  (6556,108)  (6613,83)  (6621,220)  (6565,220)  (6678,219)  (6539,165)  (6707,164)  (6726,107)  (6764,167)  (6738,222)  (6696,281)  (6640,282)  (6581,280)  (6477,162)  (6502,107)  (6561,46)  (6618,25)  (6684,43)  (6741,49)  (6789,108)  (6828,169)  (6806,44)  (6681,340)  (6628,342)  (6421,142)  (6440,81)  (6380,84)  (6503,51)  (6432,22)  (6369,25)  (6318,87)  (6306,25)  (6237,32)  (6175,29)  (6849,109)  (6873,42)  (6936,29)  (7011,14)  (7075,14)  (7136,58)  (6751,275)  (6902,101)
Emesa  (5918,1760)  (5780,1763)  (5834,1717)  (5861,1804)  (5806,1818)  (5915,1817)  (5889,1703)  (5780,1705)  (5861,1860)  (5725,1786)  (5795,1641)  (5852,1647)  (5804,1874)  (5857,1917)  (5919,1873)
Napoca  (4104,180)  (4048,181)  (3992,138)  (4046,90)  (4105,90)  (4160,138)  (4162,74)  (4102,32)  (4040,34)  (3983,78)  (3986,194)  (4161,198)  (4217,118)  (3930,223)  (3927,167)  (3927,102)  (3866,193)  (4219,176)
Scallabis  (375,999)  (429,999)  (320,997)  (366,1078)  (420,1077)  (310,1077)  (364,1133)  (307,1132)  (342,940)  (397,940)  (451,940)
Mediolanum  (2387,508)  (2443,509)  (2332,509)  (2389,421)  (2444,420)  (2333,420)  (2269,490)  (2277,549)  (2498,437)  (2497,496)
Pergamum  (4648,1183)  (4592,1183)  (4534,1182)  (4703,1183)  (4646,1273)  (4590,1273)  (4530,1273)  (4473,1250)  (4474,1190)  (4612,1129)  (4667,1129)  (4702,1240)
Aleria  (2401,920)  (2427,1003)  (2373,1004)  (2367,865)  (2422,865)  (2393,1056)
Capsa  (2243,2295)  (2299,2293)  (2183,2297)  (2178,2353)  (2305,2348)  (2117,2300)  (2121,2364)  (2240,2392)  (2362,2292)  (2363,2350)
Pharan  (5139,2493)  (5082,2493)  (5193,2525)  (5097,2580)  (5150,2580)  (5205,2579)  (5193,2468)  (5023,2471)  (5178,2411)  (5122,2435)  (5065,2415)  (5009,2412)  (5124,2635)  (5183,2634)  (5165,2689)
Ecbatana  (7005,1839)  (7060,1838)  (6950,1840)  (6932,1897)  (6987,1938)  (7045,1938)  (7096,1899)  (7118,1840)  (6978,1782)  (6920,1783)  (6890,1840)  (6873,1898)  (6931,1955)  (7103,1956)  (7041,1778)  (7099,1783)  (6897,1723)  (7027,1992)  (7085,2013)  (7142,2014)
SZ 46  (3639,1137)  (3693,1137)  (3583,1137)  (3641,1082)  (3584,1081)  (3638,1193)  (3578,1193)  (3695,1192)  (3696,1083)  (3700,1024)  (3599,1250)  (3654,1254)  (3710,1259)
Thenae  (2561,2255)  (2615,2254)  (2505,2255)  (2482,2309)  (2613,2310)  (2546,2342)  (2526,2200)  (2582,2196)  (2469,2199)  (2485,2144)  (2543,2138)  (2668,2224)  (2487,2365)  (2431,2380)  (2604,2365)
SZ 45  (3761,1428)  (3817,1436)  (3741,1487)  (3703,1409)  (3768,1365)  (3709,1346)  (3691,1532)  (3891,1554)
SZ 44  (3564,1599)  (3619,1598)  (3520,1542)  (3574,1542)  (3531,1655)  (3587,1655)  (3479,1719)  (3550,1485)  (3495,1477)  (3629,1533)  (3537,1718)  (3595,1718)
Capua  (3238,1268)  (3290,1268)  (3184,1267)  (3182,1323)  (3236,1355)  (3309,1323)  (3253,1214)  (3123,1260)  (3182,1397)  (3241,1413)  (3298,1383)
SZ 43  (3549,1889)  (3495,1889)  (3602,1889)  (3550,1832)  (3604,1833)  (3493,1831)  (3659,1813)  (3533,1945)  (3470,1943)  (3589,1941)  (3472,1999)  (3528,1999)  (3587,1999)
SZ 49  (3020,663)  (3076,661)  (2967,660)  (3028,716)  (2973,718)  (2993,601)  (2936,603)  (2907,535)  (2964,539)  (2914,677)  (3082,715)  (3137,732)
Teredon  (6672,2633)  (6614,2631)  (6658,2727)  (6602,2726)  (6616,2575)  (6676,2571)  (6547,2740)  (6713,2720)
SZ 48  (3161,897)  (3216,897)  (3105,897)  (3165,953)  (3223,953)  (3175,1009)  (3158,839)  (3103,841)  (3045,813)  (3214,839)  (3236,1011)
SZ 47  (3395,1032)  (3450,1033)  (3338,1033)  (3396,975)  (3451,977)  (3338,975)  (3394,1089)  (3448,1090)  (3307,914)  (3362,916)  (3421,917)  (3369,1144)  (3423,1146)  (3478,1157)
Cale  (350,784)  (409,784)  (296,784)  (241,783)  (462,784)  (352,728)  (407,729)  (301,725)  (465,731)  (244,726)  (216,839)  (272,839)  (328,841)  (387,843)  (446,843)
Hippo Regius  (2029,1743)  (1974,1743)  (1917,1742)  (2084,1743)  (1860,1742)  (2139,1743)  (2194,1741)  (2085,1796)  (1902,1798)  (1957,1834)  (2015,1832)  (2144,1800)  (1839,1798)  (1897,1853)  (2070,1854)  (1842,1852)  (2137,1686)  (2191,1672)  (2076,1685)  (1856,1910)  (2126,1862)  (2199,1804)
SZ 42  (3555,2134)  (3611,2134)  (3498,2133)  (3552,2191)  (3496,2190)  (3555,2079)  (3523,2248)  (3465,2248)  (3614,2076)  (3497,2076)  (3490,2307)
Tarraco  (1290,1080)  (1344,1080)  (1235,1080)  (1398,1042)  (1342,1025)  (1286,1025)  (1382,971)  (1281,1165)  (1347,1133)  (1211,1135)  (1155,1166)  (1210,1190)  (1263,1220)
SZ 41  (3322,2320)  (3376,2318)  (3266,2320)  (3321,2263)  (3380,2262)  (3265,2264)  (3323,2378)  (3377,2376)  (3265,2376)  (3320,2205)  (3375,2202)  (3266,2204)  (3378,2435)  (3434,2407)  (3490,2406)  (3436,2462)  (3497,2466)
Delphi  (4028,1435)  (3971,1435)  (3943,1490)  (4003,1522)  (4057,1521)  (4028,1380)  (3949,1547)  (3817,1489)  (3852,1591)  (4116,1515)
SZ 40  (3301,2018)  (3244,2017)  (3357,2018)  (3186,2016)  (3302,2071)  (3248,2072)  (3188,2072)  (3356,2072)  (3299,1957)  (3353,1960)  (3234,2126)  (3289,2127)  (3344,2126)  (3397,2124)
Caralis  (2345,1248)  (2400,1247)  (2291,1247)  (2315,1192)  (2373,1191)  (2347,1343)  (2292,1343)  (2408,1316)  (2346,1396)  (2291,1397)  (2328,1451)  (2402,1373)
Attalia  (5217,1374)  (5160,1374)  (5271,1374)  (5130,1429)  (5276,1428)  (5184,1486)  (5127,1487)  (5101,1373)  (5123,1314)  (5181,1316)  (5237,1316)  (5281,1257)  (5297,1319)  (5335,1413)  (5086,1543)  (5149,1543)  (5075,1430)  (5238,1489)
Istropolis  (4523,418)  (4577,416)  (4504,492)  (4558,504)  (4502,547)  (4486,600)  (4481,657)  (4520,361)  (4577,360)  (4630,408)  (4541,608)
Susa  (6948,2110)  (6889,2109)  (6854,2164)  (6907,2202)  (6963,2202)  (7003,2146)  (6832,2107)  (6852,2216)  (7024,2202)  (7009,2090)  (6801,2162)  (6778,2104)  (6939,2052)  (6881,2052)  (6823,2049)  (6796,2222)  (6905,2256)  (6970,2256)  (7034,2257)  (7087,2199)  (7064,2143)  (7144,2198)  (6742,2162)  (6719,2106)  (6758,2048)  (6854,1991)  (7070,2088)  (7126,2140)  (6789,2275)  (6848,2269)  (7088,2253)  (7142,2270)
Durostorum  (4080,483)  (4134,484)  (4025,483)  (4161,535)  (3985,539)  (4043,571)  (4102,572)  (4081,626)  (4191,479)  (3968,478)  (3912,516)  (3913,458)  (3858,443)  (3973,419)  (4032,426)  (4098,427)  (4154,425)  (4137,626)  (4191,601)
Tavium  (5371,1018)  (5316,1017)  (5424,1053)  (5262,1053)  (5261,1109)  (5316,1109)  (5372,1108)  (5392,1162)  (5333,1163)  (5276,1163)  (5260,994)  (5205,1093)  (5202,1039)  (5202,983)  (5320,958)  (5375,960)  (5431,996)  (5487,1000)  (5478,1062)  (5536,1086)  (5341,1216)
Aelana  (5542,2681)  (5596,2681)  (5417,2684)  (5554,2625)  (5652,2681)  (5569,2737)  (5511,2736)  (5455,2737)  (5399,2737)  (5337,2736)  (5358,2681)  (5486,2648)  (5610,2623)  (5672,2624)  (5627,2736)
Hispatis  (478,1425)  (532,1425)  (424,1424)  (369,1425)  (479,1511)  (534,1479)  (424,1511)  (370,1480)  (477,1369)  (531,1369)  (423,1369)  (370,1534)  (315,1504)  (314,1557)  (370,1587)  (336,1642)  (588,1492)
Augustoritum  (1726,450)  (1779,450)  (1670,450)  (1614,450)  (1834,468)  (1722,535)  (1778,533)  (1667,533)  (1605,511)  (1833,524)  (1609,393)  (1669,393)  (1803,586)  (1863,584)
Byzantium  (4523,959)  (4578,959)  (4467,957)  (4446,1011)  (4499,1050)  (4445,1066)  (4633,963)  (4557,1042)  (4450,1118)  (4617,1021)
Vologesia  (6404,2453)  (6349,2453)  (6293,2452)  (6459,2451)  (6441,2509)  (6301,2509)  (6354,2539)  (6412,2562)  (6325,2394)  (6381,2398)  (6440,2396)  (6294,2567)  (6355,2591)  (6412,2621)  (6468,2564)  (6500,2505)  (6522,2559)  (6469,2621)  (6240,2510)  (6267,2394)  (6306,2337)  (6362,2338)  (6420,2338)  (6474,2315)  (6416,2281)  (6359,2280)  (6304,2280)  (6527,2622)
Roma  (2962,1079)  (2908,1079)  (2851,1078)  (2908,1135)  (2966,1173)  (3024,1125)  (3025,1181)  (2932,1025)  (2794,1052)  (3078,1165)
Logdunum  (1892,228)  (1947,226)  (1837,227)  (2003,227)  (1781,227)  (1897,309)  (1952,310)  (1841,306)  (2005,282)  (1784,283)  (1727,284)  (1784,337)  (1731,344)  (1672,310)  (1722,226)  (1884,169)  (1940,167)  (1998,165)  (1844,365)  (2059,236)  (2065,290)
Alexandria  (4573,2484)  (4627,2484)  (4517,2483)  (4495,2539)  (4667,2538)  (4612,2573)  (4555,2572)  (4684,2484)  (4455,2480)  (4439,2536)  (4498,2595)  (4442,2599)  (4674,2424)  (4611,2424)  (4548,2429)  (4490,2427)  (4668,2593)  (4723,2541)
Azara  (5645,28)  (5514,25)  (5701,6)  (5456,7)  (5432,63)  (5398,7)  (5375,69)  (5320,34)  (5708,61)  (5758,2)  (5821,7)  (5778,71)
Corinth  (4078,1609)  (4132,1608)  (4023,1610)  (4005,1664)  (4059,1689)  (4188,1621)
Messana  (3132,1653)  (3187,1657)  (3078,1660)  (3240,1646)  (3206,1711)  (3150,1743)  (3095,1743)  (3039,1733)  (3024,1670)  (3207,1765)
Aquincum  (3770,107)  (3827,106)  (3712,106)  (3786,197)  (3729,200)  (3671,211)  (3725,256)  (3669,270)  (3614,243)  (3613,299)  (3560,324)  (3765,47)  (3822,47)  (3880,32)  (3700,43)  (3780,253)
Apollonia  (3839,1090)  (3784,1089)  (3854,1171)  (3798,1171)  (3848,1035)  (3789,1032)  (3802,1227)
Phasis  (6032,572)  (5975,536)  (5916,536)  (5900,592)  (5957,631)  (6016,629)  (6088,615)  (6087,558)  (6030,517)  (5857,537)  (5841,599)  (5762,635)  (5782,577)  (6053,684)
Elusa  (1329,534)  (1385,535)  (1274,533)  (1276,476)  (1439,518)  (1379,588)  (1323,616)  (1268,617)  (1210,591)  (1212,646)  (1269,674)
Senio  (3325,656)  (3268,655)  (3379,657)  (3212,655)  (3361,711)  (3238,712)  (3306,739)  (3280,594)  (3223,598)  (3165,554)  (3220,535)  (3339,596)  (3417,710)  (3359,766)  (3250,768)  (3305,797)  (3365,825)  (3276,537)  (3418,767)
Carthago  (2427,1712)  (2372,1712)  (2482,1712)  (2314,1709)  (2451,1767)  (2310,1768)  (2367,1795)  (2423,1822)  (2454,1654)  (2396,1656)  (2339,1653)  (2281,1653)  (2310,1824)  (2254,1786)  (2285,1878)  (2542,1706)  (2508,1766)  (2477,1826)  (2531,1820)
Jerusalem  (5328,2309)  (5384,2297)  (5258,2402)  (5314,2401)  (5274,2456)  (5385,2240)  (5427,2185)  (5271,2509)  (5441,2129)  (5329,2251)  (5266,2567)
Artaxata  (6314,888)  (6259,851)  (6203,851)  (6160,905)  (6257,947)  (6313,944)  (6315,831)  (6144,849)  (6086,850)  (6240,792)  (6183,792)  (6124,795)  (6065,793)  (6279,1003)  (6369,940)  (6370,882)  (6370,825)  (6329,1074)  (6336,1005)
Trapezus  (5817,766)  (5761,766)  (5875,764)  (5866,823)  (5726,825)  (5798,853)  (5869,879)  (5934,806)  (5934,747)  (5874,707)  (5808,706)  (5736,710)  (5701,769)  (5669,829)  (5630,774)  (5647,885)  (5937,867)
Castulo  (804,1280)  (858,1280)  (749,1279)  (746,1198)  (690,1267)  (690,1211)  (660,1154)  (715,1143)  (815,1333)  (869,1333)  (921,1235)  (923,1290)
Cydonia  (4330,2037)  (4481,2036)  (4537,2031)  (4274,2030)  (4219,2012)  (4274,1972)  (4332,1976)  (4389,1977)  (4593,2027)
SZ 13  (76,2262)  (133,2263)  (17,2260)  (79,2202)  (135,2204)  (20,2203)  (191,2159)  (77,2321)  (17,2320)  (133,2320)  (78,2379)  (19,2377)  (137,2379)
SZ 12  (153,1906)  (209,1906)  (98,1905)  (42,1906)  (264,1907)  (319,1909)  (154,1851)  (211,1851)  (97,1849)  (267,1851)  (325,1851)  (39,1848)  (210,1794)  (151,1795)  (92,1792)  (270,1793)  (325,1793)  (34,1792)  (208,1965)  (153,1964)  (99,1964)  (266,1967)  (43,1965)  (154,1732)  (211,1734)  (269,1731)  (94,1732)  (38,1732)  (152,2018)  (208,2021)  (93,2022)  (36,2020)  (267,2020)  (135,2085)  (193,2082)  (77,2077)  (14,2078)  (248,2084)
SZ 11  (104,1574)  (157,1575)  (49,1573)  (211,1574)  (77,1517)  (20,1516)  (106,1633)  (163,1632)  (46,1631)  (220,1633)
SZ 10  (5,1201)  (1,1057)  (2,998)  (60,987)  (5,933)  (60,924)  (116,936)  (5,1255)  (6,1310)
SZ 17  (1420,1250)  (1475,1250)  (1363,1250)  (1419,1303)  (1362,1303)  (1304,1301)  (1420,1193)  (1475,1194)  (1532,1145)  (1585,1145)  (1529,1211)  (1297,1355)  (1356,1361)  (1412,1359)  (1583,1212)
SZ 16  (1270,1604)  (1324,1604)  (1215,1605)  (1159,1603)  (1378,1605)  (1268,1548)  (1323,1548)  (1213,1548)  (1380,1547)  (1323,1488)  (1378,1489)  (1267,1491)  (1270,1658)  (1326,1658)  (1214,1660)  (1160,1659)  (1325,1713)  (1268,1713)  (1213,1713)  (1159,1714)  (1161,1765)  (1276,1432)  (1330,1430)  (1379,1659)
Nicaea  (4873,1031)  (4817,1031)  (4761,1032)  (4784,1086)  (4916,1088)  (4848,1117)  (4792,1143)  (4847,1173)  (4928,1031)  (4860,974)  (4804,972)  (4749,977)  (4984,1078)  (4904,1144)
SZ 15  (974,1762)  (1031,1761)  (916,1764)  (859,1766)  (920,1820)  (861,1822)  (860,1876)  (982,1705)  (1037,1706)  (1093,1674)  (1093,1742)
SZ 14  (655,1807)  (710,1806)  (600,1807)  (543,1797)  (764,1806)  (651,1748)  (706,1749)  (595,1750)  (768,1750)  (573,1864)  (632,1863)  (686,1860)  (746,1863)
Euphrates  (6183,2233)  (6127,2232)  (6085,2287)  (6139,2325)  (6195,2325)  (6245,2249)  (6085,2342)  (6138,2382)  (6195,2379)  (6238,2194)  (6180,2176)  (6123,2173)  (6071,2231)  (6027,2285)  (6024,2339)  (6081,2399)  (6138,2442)  (6191,2432)  (5969,2304)  (6239,2136)  (6180,2119)  (6293,2155)  (6299,2212)  (6352,2194)
Tanais  (5073,33)  (5129,31)  (4943,38)  (4885,7)  (4877,67)  (5058,110)
Gades  (513,1618)  (457,1617)  (400,1655)  (453,1710)  (397,1709)  (434,1763)  (532,1672)
Pessinus  (5072,1150)  (5127,1149)  (5017,1150)  (5009,1206)  (5064,1238)  (5119,1237)  (5180,1179)  (5092,1093)  (5008,1262)  (4952,1277)  (4953,1221)  (4897,1267)  (4900,1210)  (5178,1239)
Bostra  (5544,2274)  (5674,2273)  (5612,2332)  (5556,2331)  (5500,2330)  (5486,2276)  (5441,2356)  (5500,2220)  (5700,2216)  (5756,2244)  (5748,2159)  (5508,2383)  (5567,2382)
Patavium  (2849,400)  (2904,399)  (2959,398)  (2836,490)  (2778,489)  (2834,545)  (2777,543)  (2722,510)  (2756,598)  (2825,673)  (2923,453)  (2861,342)  (2916,343)  (3070,563)  (3036,493)  (3014,409)  (2815,605)
Palantia  (956,841)  (1010,842)  (901,842)  (847,841)  (1066,842)  (955,921)  (1009,918)  (898,920)  (842,920)  (787,919)  (733,919)  (1063,917)  (884,784)  (938,785)  (993,784)  (1050,784)
Corduba  (753,1371)  (698,1369)  (640,1339)  (640,1339)  (630,1400)  (689,1461)  (747,1461)  (807,1412)  (801,1465)  (774,1517)  (854,1483)
SZ 09  (83,700)  (138,700)  (26,700)  (80,644)  (135,643)  (24,644)  (192,645)  (83,755)  (140,756)  (25,755)  (79,587)  (133,586)  (191,586)  (21,586)  (6,818)  (65,818)  (123,820)
SZ 08  (122,414)  (177,414)  (66,415)  (7,415)  (232,414)  (122,359)  (179,360)  (65,359)  (7,358)  (235,359)  (119,472)  (176,470)  (61,475)  (6,473)  (232,468)  (6,527)  (61,524)  (118,527)  (175,528)
SZ 07  (481,339)  (537,340)  (426,339)  (371,339)  (593,340)  (649,340)  (648,398)  (591,398)  (607,453)  (330,276)  (384,275)  (439,278)  (493,278)  (551,280)
SZ 02  (447,84)  (501,84)  (393,83)  (556,83)  (337,84)  (446,27)  (500,27)  (391,27)  (336,27)  (554,26)  (446,140)  (499,140)  (391,141)  (336,140)  (554,139)  (445,196)  (499,194)  (390,194)  (336,194)  (554,194)
Salmantica  (565,1067)  (619,1068)  (510,1066)  (673,1067)  (564,1152)  (508,1152)  (619,1011)  (564,1011)  (509,1010)  (586,1206)  (530,1205)  (471,1206)  (565,1261)  (510,1260)  (455,1260)  (565,954)  (509,953)  (620,954)  (675,952)  (579,897)  (524,896)  (676,1012)
SZ 01  (126,121)  (178,122)  (71,121)  (15,120)  (234,123)  (128,65)  (69,64)  (185,66)  (237,67)  (13,63)  (127,7)  (184,7)  (239,6)  (68,6)  (11,8)  (128,175)  (182,176)  (73,175)  (11,175)  (237,179)  (123,232)  (182,233)  (67,232)  (9,232)  (239,234)
SZ 06  (844,422)  (897,422)  (786,422)  (953,423)  (729,421)  (843,365)  (898,365)  (792,365)  (731,364)  (957,366)  (754,475)  (810,476)  (865,475)  (920,475)  (978,477)  (873,529)  (928,530)
SZ 05  (1122,405)  (1178,404)  (1067,405)  (1119,347)  (1175,346)  (1064,347)  (1233,328)  (1230,271)  (1173,288)  (1115,289)  (1058,289)  (1123,461)  (1178,460)  (1067,462)  (1050,518)  (1106,518)  (1162,518)  (1138,573)
Pax Julia  (200,1363)  (255,1362)  (144,1363)  (87,1363)  (309,1390)  (191,1446)  (136,1446)  (81,1425)  (26,1424)  (287,1445)
SZ 04  (1108,100)  (1162,99)  (1052,99)  (1112,41)  (1165,40)  (1055,42)  (1053,155)  (1107,155)  (1161,155)  (1216,154)  (1053,208)  (1107,208)  (1160,209)  (1216,208)
SZ 03  (799,133)  (854,134)  (743,134)  (907,134)  (686,134)  (963,134)  (800,77)  (855,79)  (740,78)  (910,79)  (965,79)  (682,78)  (849,191)  (795,189)  (740,191)  (905,190)  (960,190)  (685,191)  (797,250)  (853,249)  (738,251)  (911,250)  (683,249)  (966,247)
Babylon  (6644,2382)  (6699,2380)  (6588,2381)  (6590,2437)  (6716,2433)  (6650,2466)  (6669,2326)  (6610,2327)  (6552,2327)  (6697,2266)  (6726,2323)  (6583,2494)  (6527,2389)  (6705,2488)  (6772,2457)  (6743,2542)
Antioch  (5639,1557)  (5583,1556)  (5695,1554)  (5527,1555)  (5551,1613)  (5696,1609)  (5607,1651)  (5661,1665)  (5546,1500)  (5602,1500)  (5657,1499)  (5551,1671)  (5605,1709)  (5566,1443)  (5621,1444)  (5678,1443)  (5497,1609)  (5497,1721)  (5551,1725)  (5606,1768)  (5568,1388)  (5627,1387)  (5681,1387)  (5717,1664)
Theodesia  (4943,247)  (4997,245)  (4904,300)  (4957,332)  (5011,331)  (4966,188)  (4910,190)  (4844,201)  (4915,134)  (4971,132)  (5011,385)  (5065,266)  (5066,322)  (5121,279)  (5165,223)
Seleucia  (6457,2040)  (6399,2039)  (6511,2075)  (6345,2074)  (6393,2133)  (6450,2133)  (6509,2132)  (6396,1981)  (6339,2016)  (6284,2055)  (6284,1998)  (6339,1960)  (6519,2189)  (6464,2188)  (6569,2121)  (6575,2177)  (6396,1921)  (6335,1901)  (6282,1934)  (6229,1981)  (6500,2245)  (6559,2244)  (6454,1980)  (6509,2015)  (6615,2234)  (6631,2170)
Hermopolis  (4637,2661)  (4695,2662)  (4581,2663)  (4525,2709)  (4703,2717)  (4465,2683)  (4467,2738)  (4584,2741)  (4638,2739)  (4759,2604)  (4753,2667)  (4761,2735)
Dodona  (3926,1263)  (3981,1262)  (3953,1350)  (3899,1346)  (3841,1316)  (3966,1206)  (3867,1260)  (3886,1395)  (4004,1317)
Armavira  (6291,573)  (6236,574)  (6344,541)  (6301,481)  (6241,481)  (6179,503)  (6180,578)  (6204,632)  (6260,631)  (6323,629)  (6364,481)  (6182,446)  (6244,421)  (6305,422)  (6284,689)  (6219,689)  (6183,386)  (6124,468)  (6125,404)  (6095,347)  (6068,428)  (6034,363)  (6163,687)  (6342,685)
Gazaca  (6490,1332)  (6433,1332)  (6377,1331)  (6547,1329)  (6525,1386)  (6385,1385)  (6441,1415)  (6500,1442)  (6559,1442)  (6581,1386)  (6409,1273)  (6351,1268)  (6291,1268)  (6445,1474)  (6501,1497)  (6555,1496)  (6605,1328)  (6639,1386)  (6615,1444)  (6611,1501)  (6318,1211)  (6260,1193)  (6271,1138)  (6215,1112)  (6187,1054)  (6249,1058)  (6437,1531)  (6504,1551)  (6561,1551)  (6665,1326)  (6700,1390)  (6669,1480)
Tibiscum  (3996,290)  (4052,289)  (3941,288)  (3918,344)  (4030,370)  (4086,345)  (4109,287)  (4166,293)  (3860,377)  (3861,321)  (3860,265)  (3802,371)  (3803,313)  (3750,315)  (4149,349)
Ninive  (6367,1652)  (6311,1652)  (6424,1652)  (6314,1708)  (6366,1740)  (6419,1743)  (6472,1710)  (6475,1767)  (6418,1799)  (6372,1593)  (6317,1597)  (6299,1542)  (6355,1526)  (6476,1825)  (6530,1791)  (6418,1854)  (6474,1882)  (6245,1570)  (6243,1513)  (6298,1485)  (6185,1484)  (6530,1846)  (6532,1734)  (6353,1469)  (6240,1457)  (6360,1798)  (6531,1901)
Arretium  (2733,866)  (2736,960)  (2790,959)  (2676,864)  (2675,808)  (2619,815)  (2608,759)  (2751,1013)  (2791,868)  (2848,992)
Nexuana  (6593,1061)  (6537,1061)  (6478,1060)  (6480,1118)  (6536,1154)  (6594,1155)  (6648,1106)  (6649,1047)  (6649,1160)  (6483,1176)  (6538,1209)  (6594,1211)  (6650,1217)  (6588,1003)  (6535,1000)  (6472,1003)  (6423,1121)  (6423,1176)  (6533,945)  (6587,945)  (6470,947)  (6499,890)  (6705,1146)  (6420,1061)  (6707,1199)
Stabula  (2233,84)  (2228,29)  (2172,29)  (2117,29)  (2091,85)  (2037,83)  (2058,25)  (2078,140)  (2137,192)  (2148,124)  (2203,142)
Theveste  (1890,2301)  (1947,2301)  (2002,2320)  (1835,2328)  (1834,2272)  (1786,2381)  (1846,2383)  (1977,2378)
Nemausus  (2048,470)  (2101,470)  (1993,471)  (1936,472)  (2156,469)  (2132,523)  (2078,559)  (2022,558)  (1968,532)  (1914,415)  (1969,414)  (2026,414)  (2082,414)  (1939,585)  (1935,639)  (1993,612)  (2190,542)
Cartenna  (1188,1933)  (1133,1934)  (1242,1934)  (1078,1935)  (1298,1934)  (1262,1988)  (1105,1989)  (1316,1988)  (1204,2025)  (1150,2023)  (1092,2044)  (1259,2045)  (1317,2043)  (1184,1876)  (1242,1877)  (1125,1875)  (1298,1879)  (1068,1877)  (1303,1819)  (1245,1818)  (1184,1820)  (1125,1821)  (1064,1822)  (1045,1989)  (1050,2098)  (1147,2079)  (1203,2079)  (1104,2133)  (1262,2103)  (1318,2098)
Berenice  (3591,2605)  (3646,2605)  (3701,2604)  (3535,2605)  (3664,2660)  (3517,2658)  (3720,2659)  (3607,2687)  (3548,2712)  (3490,2711)  (3461,2655)  (3478,2600)  (3512,2541)  (3568,2546)  (3628,2550)  (3686,2548)  (3756,2599)  (3743,2537)  (3612,2741)  (3432,2711)  (3668,2719)  (3726,2716)
Amida  (6170,1259)  (6115,1214)  (6060,1214)  (6029,1266)  (6083,1305)  (6141,1314)  (6196,1315)  (6025,1322)  (5969,1296)  (5974,1240)  (6002,1185)  (6057,1158)  (6169,1199)  (6112,1159)  (6113,1104)  (6056,1099)  (6002,1127)  (6082,1361)  (5961,1350)  (6140,1371)  (6199,1371)  (6254,1348)  (6259,1402)
Pompaelo  (979,637)  (1034,637)  (922,637)  (867,635)  (1090,636)  (811,634)  (984,711)  (860,713)  (804,714)  (787,768)  (1040,709)  (1096,691)  (1151,672)
Thapsus  (2374,2008)  (2319,2007)  (2430,2009)  (2263,2006)  (2286,2061)  (2431,2063)  (2355,2100)  (2411,2121)  (2301,2118)  (2247,2118)  (2356,2156)  (2401,1951)  (2342,1950)  (2284,1949)  (2457,1950)  (2514,1950)  (2531,1891)  (2470,1893)  (2412,1894)  (2351,1893)  (2300,2174)  (2317,2229)  (2373,2210)
Ctesiphon  (6741,1760)  (6685,1759)  (6795,1759)  (6625,1757)  (6635,1811)  (6639,1868)  (6695,1865)  (6750,1865)  (6800,1811)  (6740,1705)  (6683,1703)  (6625,1702)  (6569,1674)  (6623,1645)  (6681,1649)  (6682,1590)  (6662,1925)  (6718,1920)  (6695,1978)  (6640,1978)  (6580,1997)  (6634,2035)  (6750,1979)  (6565,1619)  (6502,1616)  (6738,1647)  (6775,1920)
Ariminum  (2863,847)  (2919,848)  (2937,791)  (2876,753)  (2815,753)  (2754,772)  (2753,715)  (2696,747)  (2692,685)  (2872,902)  (2979,849)
Veldidena  (2872,156)  (2927,157)  (2817,156)  (2759,209)  (2916,211)  (2813,247)  (2867,256)  (2758,151)  (2972,211)  (2969,266)  (2702,176)  (2701,230)  (2645,191)  (2586,180)  (3027,246)
Oea  (3019,2519)  (3073,2520)  (2963,2518)  (3073,2577)  (2968,2576)  (3020,2605)  (3017,2464)  (3072,2464)  (2962,2462)  (2963,2631)  (3075,2633)  (3019,2663)  (3013,2407)  (2956,2405)  (2970,2348)  (3026,2351)  (3130,2465)  (3130,2524)  (2960,2686)  (3021,2726)  (3073,2407)  (3005,2291)  (3075,2694)
Athens  (4187,1520)  (4234,1444)  (4243,1506)  (4296,1525)  (4244,1593)  (4300,1579)  (4277,1639)  (4392,1500)  (4465,1498)
Toletum  (926,1072)  (980,1071)  (871,1071)  (817,1071)  (763,1071)  (1035,1070)  (924,1147)  (979,1145)  (869,1147)  (814,1147)  (923,1014)  (869,1015)  (813,1014)  (758,1014)  (1035,1144)  (1000,1198)  (1090,1102)
Sanina  (6923,1179)  (6867,1179)  (6812,1179)  (6793,1124)  (6850,1094)  (6979,1202)  (6923,1235)  (6867,1230)  (6859,1040)  (6795,1070)  (6802,1014)  (6742,1029)  (6744,972)  (6801,955)  (6689,971)  (6734,1083)  (6910,1094)  (6977,1107)  (6906,1290)  (6925,1359)  (6965,1290)
Zama  (2030,2048)  (2086,2047)  (1973,2046)  (2144,2046)  (1918,2046)  (2079,2102)  (1966,2102)  (2023,2126)  (2136,2103)  (1906,2103)  (1963,2160)  (2081,2159)  (2021,2186)  (2035,1982)  (2089,1992)  (1978,1992)  (1921,1990)  (2147,1989)  (2076,2218)  (1966,2219)  (2017,2244)  (1908,2158)  (1850,2160)  (2137,2157)  (2205,1928)  (2141,1929)  (2078,1926)  (2014,1924)  (1956,1934)  (1910,2214)  (2134,2216)
Tarentum  (3481,1279)  (3423,1280)  (3537,1279)  (3492,1366)  (3549,1368)  (3592,1313)  (3457,1223)  (3398,1224)  (3339,1199)  (3605,1368)  (3636,1428)
Satala  (6011,1002)  (5950,961)  (5893,961)  (5877,1018)  (5933,1059)  (5990,1056)  (5918,1114)  (5865,1077)  (5818,1017)  (5832,960)  (5775,960)  (5711,935)  (6008,944)  (6065,942)  (6128,967)  (6068,1028)
Melitene  (5747,1122)  (5689,1121)  (5688,1178)  (5748,1212)  (5804,1211)  (5860,1197)  (5716,1066)  (5660,1066)  (5606,1092)  (5607,1033)  (5673,1009)  (5611,976)  (5919,1195)  (5889,1254)  (5828,1264)  (5764,1270)  (5778,1322)  (5835,1319)
Melita  (2815,1942)  (2761,1944)  (2807,2019)  (2862,2004)
Philippopolis  (4179,920)  (4233,920)  (4122,920)  (4088,975)  (4139,1007)  (4196,1008)  (4112,1061)  (4052,920)  (4293,881)  (4289,958)
Salonae  (3630,832)  (3684,831)  (3575,828)  (3560,884)  (3519,826)  (3703,884)  (3648,920)  (3590,938)  (3513,768)  (3571,771)  (3629,772)  (3690,776)  (3740,823)  (3503,881)  (3532,950)  (3643,970)  (3705,939)  (3760,913)
Sabrata  (2823,2280)  (2767,2279)  (2880,2280)  (2732,2333)  (2879,2334)  (2786,2371)  (2731,2388)  (2674,2388)  (2765,2221)  (2821,2220)  (2880,2221)  (2937,2272)  (2841,2387)
Olbia  (4747,125)  (4689,126)  (4660,72)  (4601,35)  (4662,15)  (4716,25)  (4771,6)  (4781,59)  (4685,180)  (4802,113)
Croton  (3384,1537)  (3330,1482)  (3384,1481)  (3382,1627)  (3436,1628)  (3387,1682)  (3442,1538)  (3328,1538)  (3375,1424)  (3333,1696)  (3329,1754)
Salamis  (5161,1726)  (5105,1726)  (5049,1724)  (5042,1778)  (5097,1811)  (4988,1755)  (5198,1671)  (5251,1650)  (5154,1815)
Cyropolis  (6927,1592)  (6870,1591)  (6813,1592)  (6782,1535)  (6838,1497)  (6894,1498)  (6983,1610)  (6925,1646)  (6868,1647)  (6981,1665)  (6881,1439)  (6827,1440)  (6771,1467)  (6769,1411)  (6824,1384)  (6765,1354)  (6821,1325)  (6725,1299)  (6783,1269)  (7039,1610)  (7036,1666)  (6811,1647)  (7097,1629)  (6949,1532)  (7096,1690)
Thamea  (5932,2496)  (5876,2495)  (5819,2495)  (5819,2550)  (5958,2550)  (5875,2584)  (5928,2606)  (5989,2493)  (5821,2605)  (5760,2598)  (5918,2437)  (5862,2438)  (5804,2438)  (5977,2436)  (5878,2378)  (5822,2378)  (5766,2377)  (5708,2394)  (5762,2655)  (5816,2662)  (5872,2644)  (5930,2663)  (5983,2611)  (5984,2666)  (5883,2723)  (5823,2723)  (5766,2722)  (5771,2317)  (5829,2318)  (5939,2379)  (5709,2339)  (5944,2726)
Sardis  (4771,1350)  (4715,1350)  (4826,1350)  (4825,1405)  (4691,1405)  (4749,1441)  (4690,1462)  (4882,1373)  (4939,1361)  (4836,1295)  (4774,1293)  (4634,1381)  (4634,1437)  (4633,1493)  (4576,1534)  (4576,1445)  (4572,1379)  (4514,1398)  (4994,1331)
Igilgili  (1598,1874)  (1655,1875)  (1537,1873)  (1709,1876)  (1481,1871)  (1425,1872)  (1531,1929)  (1669,1932)  (1727,1933)  (1474,1927)  (1416,1928)  (1587,1972)  (1645,1986)  (1530,1987)  (1470,1987)  (1415,1984)  (1704,1986)  (1766,1986)  (1600,1816)  (1661,1816)  (1532,1813)  (1473,1813)  (1412,1810)  (1717,1814)  (1605,1756)  (1663,1756)  (1720,1757)  (1536,1752)  (1472,1752)  (1406,1752)  (1418,2051)  (1476,2050)  (1535,2049)  (1590,2034)  (1646,2050)  (1706,2050)  (1770,2048)  (1824,1997)
Sinope  (5449,855)  (5385,889)  (5329,888)  (5322,833)  (5384,800)  (5504,836)  (5471,910)  (5559,876)  (5558,811)  (5264,876)  (5267,817)  (5207,835)  (5173,778)  (5233,757)  (5325,776)  (5445,797)  (5547,755)  (5530,929)
Vindonissa  (2377,207)  (2431,206)  (2320,205)  (2381,295)  (2435,295)  (2322,293)  (2485,249)  (2265,249)  (2264,305)  (2209,253)  (2205,309)  (2243,365)  (2188,364)  (2147,307)  (2226,421)  (2326,148)  (2386,149)  (2443,140)  (2499,190)  (2494,304)  (2547,246)  (2604,276)
Odessus  (4441,773)  (4387,774)  (4357,842)  (4410,868)  (4355,897)  (4495,782)  (4496,727)  (4440,719)  (4385,719)  (4352,950)  (4408,924)  (4468,869)
Verona  (2647,473)  (2591,473)  (2715,428)  (2656,380)  (2600,382)  (2540,367)  (2712,369)  (2681,312)  (2736,310)  (2772,368)  (2588,526)  (2644,525)  (2671,578)
SZ 79  (5460,473)  (5405,474)  (5514,474)  (5349,474)  (5457,417)  (5398,416)  (5344,416)  (5370,360)  (5348,533)  (5410,533)  (5466,531)  (5528,533)
SZ 78  (5675,567)  (5617,566)  (5680,507)  (5621,506)  (5618,620)  (5673,622)  (5620,683)
SZ 77  (5452,665)  (5396,665)  (5507,666)  (5506,610)  (5450,611)  (5394,611)  (5420,728)  (5357,719)  (5480,723)
SZ 76  (5219,632)  (5162,633)  (5107,632)  (5274,633)  (5217,574)  (5162,572)  (5107,574)  (5275,576)  (5220,691)  (5162,689)  (5105,691)  (5274,692)
Lucus Augusti  (653,710)  (708,710)  (597,709)  (653,790)  (708,790)  (597,789)  (654,848)  (711,848)  (680,653)  (736,652)  (706,593)  (763,593)  (762,538)
Thessalonica  (4232,1086)  (4288,1085)  (4196,1178)  (4140,1178)  (4085,1198)  (4041,1137)  (4098,1121)  (4171,1085)  (4288,1030)  (4345,1017)  (4275,1139)
Tyras  (4482,125)  (4538,123)  (4510,66)  (4485,176)  (4540,177)  (4596,172)  (4543,232)  (4604,228)  (4495,5)  (4437,22)  (4378,19)  (4365,85)  (4308,85)  (4322,26)  (4263,8)  (4206,8)  (4562,287)  (4617,286)
SZ 71  (4696,890)  (4751,889)  (4640,890)  (4585,889)  (4697,834)  (4751,832)  (4639,834)  (4583,832)  (4687,942)
SZ 70  (4316,1227)  (4371,1227)  (4295,1279)  (4241,1274)  (4290,1332)  (4235,1327)  (4344,1169)  (4555,1099)
Tolosa  (1531,635)  (1585,635)  (1473,635)  (1562,691)  (1504,725)  (1450,723)  (1418,667)  (1394,721)  (1339,721)  (1525,578)  (1583,580)  (1638,617)  (1517,781)
SZ 75  (4910,525)  (4968,524)  (4852,527)  (4909,583)  (4968,581)  (4851,583)  (4908,464)  (4848,468)  (4854,639)  (4911,639)  (4970,638)
SZ 74  (4751,313)  (4807,313)  (4694,313)  (4729,254)  (4692,373)  (4748,370)  (4808,371)
Majar  (6107,156)  (5976,157)  (6041,117)  (6012,214)  (6071,214)  (6127,214)  (6099,98)  (5980,99)  (5955,215)  (6163,157)  (6221,122)  (6223,178)  (6181,236)  (6039,58)  (5977,34)  (5919,35)  (5919,97)  (5913,155)  (5857,123)  (5880,210)  (5974,271)  (6126,273)  (6238,238)  (6282,170)  (6184,292)  (6244,294)
SZ 73  (4714,536)  (4656,536)  (4769,535)  (4713,480)  (4768,477)  (4610,590)  (4666,591)  (4719,591)  (4610,647)  (4665,645)  (4721,646)
SZ 72  (4841,772)  (4784,772)  (4897,774)  (4728,770)  (4671,767)  (4953,772)  (4838,715)  (4894,718)  (4781,712)  (4947,719)  (4726,713)  (4668,715)  (4859,832)  (4914,830)  (4606,714)  (4606,766)  (4864,886)
Memphis  (4864,2514)  (4918,2513)  (4808,2514)  (4938,2572)  (4816,2593)  (4877,2600)  (4862,2455)  (4919,2455)  (4804,2456)  (4937,2629)  (4878,2657)  (4821,2657)  (4891,2401)  (4836,2400)  (4768,2398)  (4840,2712)  (4896,2712)  (4950,2684)  (4949,2740)  (5003,2714)
SZ 68  (4433,1574)  (4488,1574)  (4376,1573)  (4431,1628)  (4521,1514)  (4567,1631)
SZ 67  (4297,1820)  (4352,1820)  (4309,1764)  (4364,1763)  (4309,1874)  (4253,1875)  (4200,1923)  (4330,1706)  (4366,1884)
Sparta  (4176,1712)  (4141,1805)  (4086,1826)  (4060,1771)  (4005,1736)  (4116,1709)  (4231,1694)  (4185,1846)  (4200,1779)
SZ 66  (4513,1838)  (4568,1839)  (4456,1837)  (4535,1781)  (4479,1781)  (4548,1893)  (4491,1892)  (4435,1892)  (4605,1892)  (4516,1724)  (4454,1725)  (4452,1946)  (4509,1947)  (4568,1948)
Larissa  (4134,1313)  (4079,1312)  (4092,1399)  (4146,1400)  (4134,1256)  (4077,1257)  (4159,1455)
SZ 65  (4794,1743)  (4738,1742)  (4851,1743)  (4793,1687)  (4738,1686)  (4795,1798)  (4737,1797)  (4682,1825)  (4868,1687)  (4855,1812)
Genua  (2528,627)  (2582,626)  (2399,625)  (2474,573)  (2362,682)  (2344,624)  (2288,617)  (2554,681)  (2609,681)  (2636,625)
Singidinum  (3702,454)  (3758,454)  (3645,454)  (3618,508)  (3673,538)  (3732,539)  (3700,594)  (3645,591)  (3729,399)  (3667,398)  (3696,345)  (3786,515)
SZ 69  (4353,1404)  (4409,1403)  (4299,1404)  (4357,1349)  (4412,1348)  (4300,1458)  (4353,1459)  (4360,1295)  (4413,1294)  (4462,1328)
SZ 60  (5323,1892)  (5267,1891)  (5378,1892)  (5209,1892)  (5323,1834)  (5266,1832)  (5378,1835)  (5322,1947)  (5265,1947)  (5208,1947)  (5377,1970)
SZ 64  (4789,1977)  (4731,1976)  (4845,1979)  (4673,1975)  (4787,1916)  (4730,1917)  (4848,1919)  (4671,1916)  (4790,2037)  (4728,2035)  (4673,2034)  (4849,2036)
Paliurus  (3985,2389)  (4040,2392)  (3929,2389)  (3911,2443)  (4053,2445)  (3998,2477)  (3942,2496)  (3884,2497)  (4097,2391)  (3851,2442)  (3950,2333)  (4011,2333)  (4070,2332)  (4107,2447)  (4063,2505)
SZ 63  (5064,2012)  (5010,2012)  (4954,2012)  (5118,2012)  (5064,1957)  (5009,1957)  (4951,1956)  (5123,1957)  (5063,2071)  (5006,2070)  (4948,2069)  (5117,2070)
Lilybaeum  (2851,1670)  (2796,1670)  (2906,1671)  (2737,1625)  (2737,1682)  (2780,1734)  (2835,1765)  (2964,1670)  (2931,1726)  (2892,1784)
SZ 62  (5043,1634)  (4987,1634)  (5098,1634)  (4949,1692)  (4944,1865)  (4999,1882)
SZ 61  (5341,1591)  (5397,1591)  (5325,1534)  (5379,1534)  (5271,1578)  (5342,1647)  (5401,1645)  (5299,1713)  (5355,1711)  (5390,1477)  (5410,1707)
Vindobona  (3472,143)  (3531,142)  (3414,138)  (3587,142)  (3355,139)  (3377,194)  (3545,198)  (3490,235)  (3435,233)  (3379,250)  (3318,195)  (3321,250)  (3367,306)  (3430,290)  (3493,290)  (3425,349)  (3644,115)  (3589,85)  (3532,85)  (3474,83)  (3415,79)  (3359,82)  (3390,19)  (3449,19)  (3506,19)  (3563,19)  (3623,8)  (3491,347)
Olisipo  (210,999)  (265,999)  (155,998)  (209,944)  (264,944)  (207,1077)  (151,1076)  (95,1075)  (150,1134)  (208,1134)
Aemona  (3185,336)  (3238,336)  (3130,337)  (3072,337)  (3099,390)  (3247,390)  (3174,424)  (3110,444)  (3223,279)  (3167,279)  (3107,280)  (3302,360)  (3311,413)  (3168,478)  (3228,446)  (3293,467)
Brigantium  (432,506)  (487,527)  (377,527)  (320,527)  (541,528)  (595,543)  (521,581)  (466,609)  (405,609)  (348,586)  (294,582)  (321,472)  (378,470)  (432,446)  (488,472)  (485,417)  (650,528)  (577,597)  (522,636)  (278,636)  (334,641)  (395,663)  (452,663)  (577,653)
Axiopolis  (4365,506)  (4418,505)  (4311,505)  (4269,559)  (4428,560)  (4373,599)  (4320,599)  (4268,615)  (4326,653)  (4421,447)  (4364,448)  (4310,448)  (4426,614)  (4389,662)
Sirmium  (3457,506)  (3511,505)  (3401,491)  (3399,547)  (3456,590)  (3512,590)  (3486,645)  (3540,644)  (3462,452)  (3401,434)  (3516,448)  (3557,391)  (3522,702)  (3581,699)
Damascus  (5711,1977)  (5655,1976)  (5766,1976)  (5769,2033)  (5693,2063)  (5638,2065)  (5683,1922)  (5739,1921)  (5625,1919)  (5705,1865)  (5648,1865)  (5581,2074)  (5530,2138)  (5587,2198)  (5585,2135)  (5641,2134)  (5659,1810)  (5695,2116)
Sardica  (3844,656)  (3899,657)  (3785,657)  (3757,711)  (3907,712)  (3812,748)  (3867,769)  (3811,800)  (3756,763)  (3693,715)  (3724,658)  (3786,604)  (3843,595)  (3897,598)  (3960,617)  (3922,791)  (3980,764)
Hatra  (6110,1651)  (6164,1652)  (6056,1653)  (6054,1707)  (6174,1708)  (6113,1740)  (6055,1762)  (6170,1761)  (6114,1795)  (6108,1593)  (6166,1594)  (6054,1594)  (6027,1540)  (6082,1535)  (6095,1479)  (6002,1807)  (6228,1745)  (6191,1817)  (6245,1799)  (6255,1856)
Sidon  (5522,1920)  (5466,1919)  (5550,1977)  (5495,2005)  (5470,1864)  (5523,1862)  (5469,1808)  (5522,1807)  (5444,2059)  (5499,2058)
Edessa  (5904,1454)  (5960,1490)  (5848,1454)  (5812,1508)  (5866,1544)  (5923,1545)  (5810,1564)  (5791,1455)  (5810,1395)  (5960,1430)  (6017,1435)  (5871,1393)  (5915,1600)
Persepolis  (7045,2442)  (6989,2440)  (6932,2443)  (6949,2498)  (7005,2523)  (7062,2523)  (7101,2466)  (7102,2410)  (7045,2382)  (6987,2379)  (6930,2380)  (6872,2399)  (6871,2455)  (7035,2577)  (7092,2577)  (7130,2521)  (6869,2338)  (6813,2335)  (6814,2392)  (7047,2631)  (7107,2629)  (7100,2353)  (7074,2684)  (7131,2736)
Palma  (1579,1357)  (1518,1350)  (1540,1279)  (1595,1278)  (1629,1320)  (1657,1182)  (1711,1182)
Gerrha  (6249,2677)  (6303,2685)  (6192,2636)  (6136,2633)  (6125,2689)  (6177,2720)  (6233,2735)  (6288,2737)  (6360,2701)  (6161,2578)  (6103,2577)  (6073,2632)  (6116,2743)  (6067,2688)  (6047,2573)  (6068,2511)  (6423,2735)
SZ 88  (5004,2589)  (5035,2644)  (5063,2699)  (5232,2738)
SZ 87  (6874,2656)  (6929,2655)  (6816,2655)  (6851,2597)  (6825,2710)  (6881,2711)  (6908,2600)  (6760,2637)  (6938,2710)  (6995,2734)
Leptis Magna  (3280,2562)  (3335,2561)  (3223,2563)  (3178,2616)  (3369,2613)  (3314,2654)  (3252,2653)  (3199,2670)  (3288,2503)  (3231,2504)  (3394,2546)  (3261,2707)  (3204,2725)  (3369,2667)  (3341,2489)  (3287,2445)  (3230,2444)  (3318,2727)
Carthago Nova  (1003,1474)  (949,1474)  (1056,1473)  (1026,1418)  (969,1419)  (913,1419)  (946,1564)  (1000,1562)  (999,1617)  (1053,1562)  (1107,1549)
Siwa  (3949,2620)  (4005,2660)  (3895,2660)  (3951,2703)  (4005,2603)  (3893,2603)  (4062,2659)  (3840,2660)  (3894,2719)  (3839,2719)  (4006,2718)  (4063,2716)  (4062,2598)  (3838,2599)  (3946,2561)  (4120,2727)
SZ 82  (6994,242)  (7050,240)  (7107,240)  (6940,242)  (6994,298)  (7051,301)  (6937,298)  (6877,273)  (6881,334)  (6816,335)  (6996,180)  (7028,117)  (7053,176)  (7107,155)  (7115,294)
SZ 81  (5189,155)  (5132,154)  (5077,187)  (5243,130)  (5204,73)
Tingis  (585,1983)  (640,1983)  (695,1982)  (530,1943)  (472,1942)  (461,1995)  (517,2034)  (573,2038)  (460,2052)  (404,2051)  (405,1995)  (414,1940)  (423,1884)  (479,1883)  (628,2042)  (686,2040)
SZ 80  (5222,415)  (5164,415)  (5109,424)  (5277,414)  (5221,357)  (5277,357)  (5164,357)  (5080,482)  (5139,481)  (5201,474)  (5261,475)
Cesaraugusta  (1253,833)  (1308,832)  (1199,833)  (1227,778)  (1171,777)  (1202,723)  (1284,777)  (1363,834)  (1143,836)  (1148,891)  (1354,889)  (1293,923)  (1238,923)  (1182,945)  (1126,977)  (1095,1029)  (1151,1057)  (1182,1001)  (1237,979)
SZ 86  (7089,1418)  (7033,1417)  (7143,1414)  (7109,1358)  (7053,1362)  (7118,1473)  (7063,1473)  (7003,1475)  (7061,1303)  (7117,1304)  (7122,1529)
SZ 85  (7120,1100)  (7064,1099)  (7062,1042)  (7116,1042)  (7007,1030)  (6947,1013)  (7117,1154)  (7061,1154)  (7058,1209)  (7115,1209)
SZ 84  (7015,804)  (6960,803)  (6905,802)  (7070,804)  (7016,748)  (6960,748)  (6903,745)  (7073,747)  (7071,863)  (7014,864)  (6957,861)  (6901,861)  (6842,710)  (6845,766)  (6839,832)  (6779,716)  (7132,750)  (7133,804)  (7130,860)  (6886,923)  (6950,922)  (7017,923)  (7074,922)  (7132,920)
SZ 83  (6761,489)  (6815,490)  (6874,488)  (6932,487)  (6874,545)  (6817,544)  (6758,544)  (6934,545)  (6875,600)  (6814,602)  (6928,600)  (6759,598)  (6876,427)  (6935,428)  (6817,428)  (6754,426)  (6698,450)  (6696,505)  (6697,566)  (6640,477)  (6996,429)  (6994,484)  (6991,545)  (6986,610)
Volubilis  (814,2306)  (868,2305)  (758,2305)  (905,2248)  (923,2306)  (858,2361)  (798,2390)  (741,2392)  (682,2388)  (626,2387)  (570,2391)  (686,2330)  (914,2361)
Cyrene  (3734,2292)  (3789,2291)  (3677,2291)  (3781,2345)  (3621,2287)  (3647,2348)  (3591,2348)  (3700,2385)  (3754,2399)  (3644,2405)  (3589,2406)  (3699,2438)  (3645,2475)  (3589,2461)  (3792,2234)  (3729,2232)  (3673,2230)  (3615,2233)  (3840,2349)  (3851,2292)  (3849,2235)  (3759,2457)
Narbo  (1747,712)  (1801,713)  (1691,711)  (1675,765)  (1805,770)  (1748,800)  (1855,715)  (1772,658)  (1714,657)  (1692,820)  (1636,820)  (1580,827)  (1648,876)  (1704,875)
Auzia  (1228,2251)  (1173,2250)  (1287,2251)  (1116,2251)  (1060,2248)  (1344,2252)  (1400,2252)  (1004,2247)  (1126,2308)  (1269,2307)  (1194,2340)  (1063,2306)  (1327,2306)  (1006,2303)  (1382,2309)  (1286,2192)  (1343,2191)  (1401,2193)  (1228,2188)  (1167,2190)  (1137,2366)  (1249,2365)  (1077,2364)  (1305,2362)  (1017,2361)  (1360,2365)
Sinda  (5535,146)  (5595,175)  (5474,176)  (5472,235)  (5532,238)  (5587,237)  (5645,237)  (5652,178)  (5650,123)  (5596,119)  (5534,90)  (5476,119)  (5414,175)  (5411,232)  (5353,247)  (5355,189)  (5322,133)  (5295,233)  (5709,238)  (5710,182)  (5771,158)  (5767,220)
Siga  (849,2064)  (903,2064)  (794,2063)  (959,2063)  (881,2119)  (827,2156)  (771,2156)  (715,2116)  (714,2172)  (813,2008)  (870,2007)  (924,2007)  (980,2005)  (889,1951)  (944,1949)  (976,1888)  (659,2138)  (657,2193)  (716,2227)  (775,2212)  (661,2251)  (600,2162)  (601,2218)  (607,2271)  (558,2322)  (883,2174)  (942,2124)
Albana  (6553,652)  (6494,651)  (6608,653)  (6447,592)  (6499,554)  (6559,551)  (6440,662)  (6498,705)  (6557,709)  (6621,709)  (6529,490)  (6462,497)  (6442,725)  (6510,762)  (6572,767)  (6626,767)  (6460,431)  (6528,429)  (6684,755)  (6541,826)  (6597,827)  (6656,825)  (6711,807)  (6512,367)  (6453,372)  (6391,368)  (6470,309)  (6412,307)  (6353,308)  (6348,249)  (6403,245)  (6460,249)  (6657,880)  (6719,867)
Cirta  (1618,2226)  (1673,2226)  (1564,2226)  (1509,2226)  (1730,2225)  (1660,2281)  (1545,2280)  (1600,2318)  (1714,2280)  (1487,2280)  (1541,2335)  (1657,2336)  (1483,2333)  (1712,2333)  (1618,2167)  (1674,2167)  (1562,2164)  (1503,2164)  (1729,2165)  (1784,2136)  (1479,2388)  (1539,2390)  (1597,2376)  (1655,2390)  (1711,2390)
Emerita Augusta  (259,1225)  (314,1225)  (203,1224)  (146,1224)  (368,1224)  (259,1307)  (313,1307)  (204,1305)  (148,1294)  (90,1200)  (369,1280)
Petra  (5573,2494)  (5463,2496)  (5629,2493)  (5406,2495)  (5518,2458)  (5518,2544)  (5585,2550)  (5462,2549)  (5411,2607)  (5405,2552)  (5349,2564)  (5348,2504)  (5402,2436)  (5462,2437)  (5573,2437)  (5633,2430)  (5689,2476)  (5640,2553)  (5698,2530)
Pityus  (5853,381)  (5720,382)  (5911,381)  (5792,344)  (5854,437)  (5799,435)  (5740,438)  (5728,323)  (5854,320)  (5665,333)  (5661,393)  (5602,371)  (5551,340)  (5488,331)  (5916,322)  (5789,498)  (5917,439)